
bestMaxSpeedRatios =

  Columns 1 through 6

    4.2000    4.1000    4.0000    3.9000    3.8000    3.7000

  Columns 7 through 11

    3.6000    3.6000    3.5000    3.4000    3.4000


maxSpeeds =

  Columns 1 through 6

   44.3077   45.6576   46.9186   48.1040   49.2234   50.2843

  Columns 7 through 11

   51.2922   52.2552   53.1781   54.0589   54.9119


bestMinTimeRatios =

  Columns 1 through 6

    9.8000    9.8000    9.9000    9.9000    9.9000    9.9000

  Columns 7 through 11

    9.9000   10.0000   10.0000   10.0000   10.0000


minTimes =

  Columns 1 through 6

   11.0769    9.9787    9.0786    8.3277    7.6923    7.1463

  Columns 7 through 11

    6.6737    6.2589    5.8943    5.5692    5.2781


bestFixedRatios =

  Columns 1 through 6

    7.7000    7.6000    7.5000    7.4000    7.3000    7.3000

  Columns 7 through 11

    7.2000    7.1000    7.1000    7.0000    6.9000


bestScores =

  Columns 1 through 6

   31.1078   35.0444   39.0234   43.0391   47.0919   51.1746

  Columns 7 through 11

   55.2904   59.4302   63.6083   67.8017   72.0112


Improvements =

  Columns 1 through 6

    1.0935    0.9707    0.8717    0.7904    0.7223    0.6647
    1.2607    1.1191    1.0049    0.9112    0.8328    0.7663
    1.4316    1.2707    1.1412    1.0347    0.9457    0.8702
    1.6065    1.4260    1.2806    1.1611    1.0612    0.9765
    1.7850    1.5845    1.4230    1.2902    1.1792    1.0851
    1.9669    1.7459    1.5679    1.4216    1.2993    1.1956
    2.1511    1.9094    1.7147    1.5547    1.4209    1.3076
    2.3386    2.0759    1.8642    1.6903    1.5448    1.4216
    2.5282    2.2442    2.0154    1.8273    1.6701    1.5368
    2.7212    2.4155    2.1692    1.9668    1.7975    1.6541
    2.9164    2.5888    2.3248    2.1079    1.9265    1.7728

  Columns 7 through 11

    0.6152    0.5724    0.5348    0.5017    0.4724
    0.7093    0.6599    0.6165    0.5784    0.5446
    0.8054    0.7493    0.7001    0.6568    0.6184
    0.9038    0.8409    0.7856    0.7371    0.6940
    1.0043    0.9344    0.8730    0.8190    0.7711
    1.1066    1.0295    0.9619    0.9024    0.8497
    1.2102    1.1259    1.0520    0.9869    0.9292
    1.3157    1.2241    1.1437    1.0730    1.0102
    1.4224    1.3234    1.2364    1.1600    1.0922
    1.5310    1.4244    1.3308    1.2485    1.1755
    1.6408    1.5265    1.4263    1.3381    1.2598

